$medoids
        V1       V2       V3        V4
12 -3.0000 -9.15660  9.57660 -0.730180
18  1.8592  3.20740 -0.15966 -0.262080
21 -4.4779  7.37080 -0.31218 -6.775400
83 -1.6662 -0.30005  1.42380  0.024986
37  2.8523  9.00960 -3.76100 -3.337100

$clusters
   [1] 2 2 4 2 1 2 4 1 2 2 2 4 2 3 2 4 4 4 1 2 2 1 2 2 2 1 1 3 2 4 4 4 2 3 4 2 2
  [38] 4 5 2 2 3 3 4 2 3 2 3 2 4 4 2 2 2 2 4 2 2 4 3 4 4 2 4 5 4 4 2 2 3 4 4 2 4
  [75] 2 4 2 5 3 4 2 4 2 2 2 4 4 2 4 4 2 4 2 1 4 1 4 1 2 3 1 4 4 4 4 4 2 2 2 2 4
 [112] 2 2 2 2 5 2 2 4 4 2 2 3 4 3 2 3 4 4 4 4 2 2 4 3 2 2 2 2 3 4 4 5 4 2 4 4 4
 [149] 4 2 2 3 4 2 2 4 1 4 4 4 5 2 3 2 4 4 2 2 3 5 4 4 4 3 4 4 3 2 4 2 5 4 3 2 3
 [186] 3 4 2 4 1 4 2 4 4 3 2 2 2 4 2 3 4 3 2 2 5 2 2 2 4 2 2 2 4 4 5 5 4 3 3 3 2
 [223] 4 2 5 4 4 3 4 4 4 3 4 4 4 4 3 4 4 2 2 4 4 2 2 4 4 4 4 2 4 3 2 5 2 4 4 2 4
 [260] 4 2 4 2 2 2 4 3 2 4 5 2 2 4 2 4 2 4 1 2 2 4 4 4 4 3 1 1 3 4 2 5 3 2 4 4 2
 [297] 2 2 4 2 1 2 2 3 2 2 3 1 2 2 4 4 4 2 2 1 2 2 1 4 4 2 4 2 4 4 1 2 2 4 4 4 4
 [334] 2 4 4 4 4 4 2 2 3 4 3 2 2 4 4 4 3 3 4 1 4 2 3 2 2 2 3 4 4 4 4 2 4 2 2 5 4
 [371] 2 4 3 2 1 3 2 3 2 4 4 2 4 2 3 2 3 4 3 2 3 2 4 2 3 5 4 5 4 2 4 1 2 4 4 3 3
 [408] 5 4 2 4 4 2 4 2 4 2 4 4 1 3 4 2 3 2 1 3 3 4 1 2 4 2 2 2 2 4 4 2 5 4 3 2 4
 [445] 2 4 5 4 2 4 4 2 2 2 2 2 4 4 4 2 2 2 2 3 4 3 4 2 2 5 2 2 2 2 2 4 4 2 1 4 4
 [482] 2 3 3 4 2 2 2 3 5 2 4 3 2 1 3 4 4 4 2 4 4 1 4 2 2 2 2 4 3 4 4 2 2 4 2 3 4
 [519] 4 2 2 3 4 4 4 2 2 2 4 3 2 2 4 3 2 1 4 4 4 5 4 2 2 3 4 4 2 4 2 4 4 2 2 4 1
 [556] 5 2 4 4 4 2 4 3 2 4 2 2 2 4 1 4 1 2 2 2 2 3 4 4 2 2 3 4 1 2 1 2 2 2 2 4 1
 [593] 4 1 5 2 5 2 3 4 4 4 2 4 3 2 3 2 5 2 3 2 4 4 2 3 2 2 5 3 4 4 4 2 2 4 2 4 4
 [630] 1 4 4 4 4 2 4 1 2 2 4 4 4 4 3 4 2 3 4 4 4 3 1 4 1 4 2 3 2 1 4 4 3 2 4 5 2
 [667] 4 4 4 4 4 4 4 3 2 5 2 3 4 2 4 1 4 4 3 2 5 3 2 4 2 4 2 2 4 3 2 2 4 2 2 2 4
 [704] 4 2 4 4 4 2 5 4 1 2 2 4 2 4 2 2 4 4 4 2 2 2 4 3 3 4 4 2 2 3 4 4 2 3 2 2 1
 [741] 3 4 2 4 2 4 2 3 4 4 4 2 5 1 4 5 2 4 4 3 4 5 5 4 1 1 1 4 5 5 4 1 1 1 4 5 3
 [778] 5 4 1 1 1 4 5 3 4 1 1 4 5 5 3 4 1 1 5 5 5 3 5 4 4 5 5 5 5 3 5 4 5 5 5 5 5
 [815] 4 1 1 5 5 1 1 1 4 5 4 1 1 1 4 5 5 4 1 1 1 4 5 3 5 4 1 1 1 4 5 3 4 1 1 4 5
 [852] 5 3 4 1 1 5 5 5 3 5 4 4 5 5 5 5 3 5 4 5 5 5 5 5 4 1 1 5 5 1 1 1 4 5 4 1 1
 [889] 1 4 5 5 4 1 1 1 4 5 3 5 4 1 1 1 5 5 3 4 1 1 4 5 5 3 4 1 4 5 2 5 3 5 4 4 5
 [926] 5 5 3 3 5 4 5 5 5 5 5 4 1 1 5 5 1 1 1 4 5 4 1 1 1 4 5 5 4 1 1 1 4 5 3 5 4
 [963] 1 1 1 4 5 3 4 1 1 4 5 5 3 4 1 1 5 5 5 3 5 4 4 5 5 5 5 3 5 4 5 5 5 5 5 4 1
[1000] 1 5 5 1 1 1 4 5 4 1 1 1 4 5 5 4 1 1 1 4 5 3 5 4 1 1 1 4 5 5 4 1 1 4 5 5 3
[1037] 4 1 1 5 2 5 3 5 4 4 5 5 5 3 3 5 4 5 5 5 5 5 4 1 1 5 5 1 1 1 4 5 4 1 1 1 4
[1074] 5 5 4 1 1 1 4 5 3 5 4 1 1 1 4 5 3 4 1 1 4 5 5 3 4 1 1 5 2 5 3 5 4 4 5 5 5
[1111] 5 3 5 4 5 5 5 5 5 4 1 1 5 5 1 1 1 4 5 4 1 1 1 4 5 5 5 1 1 1 4 5 3 5 4 1 1
[1148] 1 4 5 3 4 1 1 4 5 5 3 4 1 1 5 5 5 3 5 4 4 5 5 5 5 3 5 4 5 5 5 5 5 4 1 1 5
[1185] 5 1 1 1 4 5 4 1 1 1 4 5 5 5 1 1 1 4 5 3 5 4 1 1 1 4 5 3 4 1 1 4 5 5 3 4 1
[1222] 1 5 5 5 3 5 4 4 5 5 5 5 3 5 4 5 5 5 5 5 4 1 1 5 5 1 1 1 4 5 4 1 1 1 4 5 5
[1259] 5 1 1 1 4 5 3 5 4 1 1 1 4 5 3 4 1 1 4 5 5 3 4 1 1 5 5 5 3 5 4 4 5 5 5 5 3
[1296] 5 4 5 5 5 5 5 4 1 1 5 5 1 1 1 4 5 4 1 1 1 4 5 5 4 1 1 1 4 5 3 5 4 1 1 1 4
[1333] 5 3 4 1 1 4 5 5 3 4 1 1 5 5 5 3 5 4 4 5 5 5 5 3 5 4 4 5 5 5 5 4 1 1 5 5 1
[1370] 1 1 4

$ball_hall
[1] 15.75087

$banfeld_raftery
[1] 3693.71

$c_index
[1] 0.07121059

$calinski_harabasz
[1] 1113.927

$davies_bouldin
[1] 0.9682127

$det_ratio
[1] 33.14452

$dunn
[1] 0.01217318

$gamma
[1] 0.7942892

$g_plus
[1] 0.03557936

$gdi11
[1] 0.01217318

$gdi12
[1] 0.07735156

$gdi13
[1] 0.02697719

$gdi21
[1] 0.7508348

$gdi22
[1] 4.770999

$gdi23
[1] 1.663937

$gdi31
[1] 0.3925488

$gdi32
[1] 2.494357

$gdi33
[1] 0.8699339

$gdi41
[1] 0.3091243

$gdi42
[1] 1.964256

$gdi43
[1] 0.6850553

$gdi51
[1] 0.1620132

$gdi52
[1] 1.029474

$gdi53
[1] 0.3590402

$ksq_detw
[1] 1.057798e+16

$log_det_ratio
[1] 4803.204

$log_ss_ratio
[1] 1.181567

$mcclain_rao
[1] 0.4349668

$pbm
[1] 61.08195

$point_biserial
[1] -2.699076

$ray_turi
[1] 0.4358239

$ratkowsky_lance
[1] 0.3641825

$scott_symons
[1] 4676.511

$sd_scat
[1] 0.2148666

$sd_dis
[1] 0.3864764

$s_dbw
[1] 0.9367782

$silhouette
[1] 0.325289

$tau
[1] 0.4671585

$trace_w
[1] 21088.18

$trace_wib
[1] 9.2471

$wemmert_gancarski
[1] 0.4401635

$xie_beni
[1] 281.0405

