$medoids
   V1 V2    V3    V4    V5   V6    V7   V8
61  1  3  6300  1289  2591 1170   199  326
72  2  3  1989 10690 19460  233 11577 2153
75  1  3 20918  1916  1573 1960   231  961
63  2  3  9670  7027 10471  541  4618   65
73  2  3 44466 54259 55571 7782 24171 6465

$clusters
  [1] 4 4 4 1 1 4 1 4 3 5 4 1 4 1 4 1 4 3 1 4 1 3 2 5 4 1 3 1 5
 [30] 2 1 3 1 2 3 4 1 4 5 2 1 1 4 5 4 5 5 2 4 5 3 3 2 4 1 3 5 4
 [59] 1 4 4 5 4 5 3 5 4 4 3 3 1 1 3 1 4 1 3 5 3 3 3 4 4 1 1 5 5
 [88] 2 3 1 3 1 5 1 4 3 4 3 3 3 4 5 4 2 1 1 4 5 4 5 1 5 1 1 1 1
[117] 1 3 1 3 1 3 1 4 2 2 1 1 4 2 3 3 1 3 3 3 4 4 1 3 1 1 2 3 1
[146] 5 3 3 3 1 1 3 1 3 3 5 4 1 4 4 4 1 1 5 4 5 4 3 3 3 4 5 4 5
[175] 3 4 2 1 1 3 4 2 4 2 3 3 3 4 4 4 1 1 3 5 3 1 2 4 1 3 5 5 1
[204] 3 3 5 3 4 4 5 1 5 3 4 4 4 5 1 4 3 1 4 3 3 3 1 1 3 3 3 1 4
[233] 1 3 1 3 3 1 3 2 1 1 1 1 4 4 3 1 1 3 3 5 3 1 1 1 1 3 2 2 3
[262] 3 1 3 4 5 5 1 5 1 3 3 4 2 3 3 1 3 1 1 3 1 2 1 2 2 3 1 1 2
[291] 3 3 3 4 1 3 1 4 4 3 1 5 4 4 5 4 5 1 3 5 3 1 5 3 1 4 3 3 1
[320] 5 3 3 1 1 1 2 3 3 1 3 3 5 1 5 1 4 1 3 3 3 4 4 4 5 3 4 4 4
[349] 3 5 3 5 3 5 1 3 1 5 3 3 1 3 3 3 3 4 3 3 1 3 2 1 3 1 3 3 4
[378] 2 3 4 1 1 2 3 5 3 3 1 3 3 3 3 3 1 1 3 4 3 3 3 3 1 1 1 1 3
[407] 1 5 3 3 3 3 4 3 3 4 4 4 5 3 4 1 1 1 1 1 4 2 3 3 4 3 1 3 1
[436] 2 2 5 1 3

$ball_hall
[1] 271600056

$banfeld_raftery
[1] 7991.744

$c_index
[1] 0.08911242

$calinski_harabasz
[1] 151.6269

$davies_bouldin
[1] 0.9415711

$det_ratio
[1] 15.08274

$dunn
[1] 0.010781

$gamma
[1] 0.7284031

$g_plus
[1] 0.05001025

$gdi11
[1] 0.010781

$gdi12
[1] 0.0657085

$gdi13
[1] 0.02389136

$gdi21
[1] 0.398212

$gdi22
[1] 2.427039

$gdi23
[1] 0.8824621

$gdi31
[1] 0.1436406

$gdi32
[1] 0.8754664

$gdi33
[1] 0.3183162

$gdi41
[1] 0.1107013

$gdi42
[1] 0.6747071

$gdi43
[1] 0.2453209

$gdi51
[1] 0.06072121

$gdi52
[1] 0.3700862

$gdi53
[1] 0.1345619

$ksq_detw
[1] 1.883576e+64

$log_det_ratio
[1] 1193.962

$log_ss_ratio
[1] 0.3323709

$mcclain_rao
[1] 0.4105834

$pbm
[1] 241279583

$point_biserial
[1] -6156.106

$ray_turi
[1] 1.423126

$ratkowsky_lance
[1] 0.2794895

$scott_symons
[1] NaN

$sd_scat
[1] 0.7220899

$sd_dis
[1] 0.000211469

$s_dbw
[1] 5.523613

$silhouette
[1] 0.1948544

$tau
[1] 0.4420321

$trace_w
[1] 65822093825

$trace_wib
[1] 5.503114

$wemmert_gancarski
[1] 0.4270906

$xie_beni
[1] 150.0482

